100
712
9238
24
894
3765
6869
2981
6475
9452
489
9517
83
6602
8844
7400
5393
8990
62
205
256
77
291
9277
54
79
9113
58
237
9468
73
734
1477
7382
5488
9799
98
11
335
70
19
9894
10
5846
8493
4627
602
9869
37
2138
6545
363
143
154
79
13
9995
4
390
9400
5
30
9851
9
8
9947
7
448
9075
43
15
9942
5
182
9821
54
2129
3498
7956
580
9772
82
3012
3012
3012
500
9208
67
3250
6733
7729
547
9571
98
53
226
54
1961
2800
70
288
3651
4463
342
9405
22
938
9154
82
340
9927
87
1734
4030
17
313
372
54
3540
3599
7337
29
9183
13
408
479
79
1265
3240
79
576
9224
8
33
180
53
7020
9828
78
289
9441
24
128
9913
22
997
9095
88
689
9701
32
302
9746
76
54
9894
37
312
9218
74
5156
5216
1000
231
8460
9637
3115
6693
8514
3
9928
6
1831
7299
5
746
3674
7429
2012
9570
5692
2424
9704
5752
665
9235
14
9407
9454
248
254
395
3
5
9900
8
339
9100
71
256
9646
87
125
9727
29
1489
6031
9001
762
9322
66
1433
3027
5764
1503
7613
94
657
9415
75
548
9737
778
3525
6125
3606
10
9901
3
7042
7042
7042
7523
7540
4943
865
9134
58
657
9193
80
6173
7814
2697
1744
9697
7740
31
9970
1
6977
9690
2565
500
8925
5138
18
9992
2
3236
9435
4310
969
9724
77
687
9093
63
5915
9772
1378
604
9593
4
1766
6096
6047
12
9892
43
361
361
361
393
9785
46
45
9316
73
288
9141
84
993
9710
4
4878
9115
7111
1124
7471
45
